117
0.143055 0.486667
0.144445 0.524445
0.148612 0.562222
0.154167 0.600000
0.166667 0.635556
0.179167 0.670000
0.193056 0.707778
0.206944 0.743334
0.225001 0.777778
0.248611 0.810000
0.275000 0.843333
0.304167 0.872222
0.338889 0.898889
0.376389 0.923334
0.415278 0.941111
0.458333 0.956667
0.504167 0.958889
0.550000 0.952222
0.590277 0.941111
0.627778 0.920000
0.662500 0.893334
0.693055 0.866667
0.722222 0.834445
0.745833 0.804444
0.766667 0.770000
0.781944 0.734444
0.791667 0.700000
0.802778 0.664445
0.815278 0.627778
0.822222 0.593334
0.826389 0.556667
0.826389 0.521111
0.827778 0.482222
0.215278 0.468889
0.251389 0.441112
0.305555 0.431112
0.362500 0.435556
0.415278 0.444444
0.575000 0.448888
0.627778 0.437778
0.684723 0.434444
0.740278 0.440000
0.776389 0.466667
0.502778 0.532223
0.502778 0.584444
0.502778 0.641111
0.502778 0.692223
0.430556 0.723333
0.465278 0.723333
0.504167 0.736666
0.541667 0.722222
0.576389 0.721111
0.265278 0.543333
0.298611 0.517777
0.384722 0.530001
0.408334 0.557778
0.373612 0.558889
0.301388 0.554444
0.584722 0.555555
0.611111 0.523333
0.690278 0.516667
0.719445 0.535555
0.700000 0.550000
0.625001 0.558889
0.252778 0.463334
0.305555 0.462222
0.361112 0.467778
0.412499 0.474444
0.581944 0.474444
0.637501 0.468889
0.691666 0.463334
0.738889 0.463334
0.343055 0.512223
0.338889 0.558889
0.340278 0.537778
0.645833 0.511111
0.662500 0.560000
0.651389 0.537778
0.456944 0.542222
0.544445 0.541111
0.427778 0.664445
0.569444 0.660000
0.399999 0.698889
0.595834 0.695555
0.381944 0.794444
0.429166 0.785556
0.472223 0.775556
0.504167 0.778889
0.533333 0.774444
0.579167 0.783334
0.622222 0.788889
0.601389 0.814445
0.559722 0.851111
0.505555 0.864445
0.451389 0.854445
0.402779 0.822223
0.399999 0.800000
0.452778 0.795556
0.504167 0.795556
0.555555 0.792222
0.604167 0.793333
0.558333 0.811111
0.504167 0.816667
0.451389 0.813333
0.000000 0.000000
0.000000 0.000000
0.818437 0.393132
0.778298 0.349294
0.723238 0.308111
0.653313 0.277352
0.573519 0.259584
0.488819 0.252195
0.404228 0.260340
0.324687 0.278820
0.255196 0.310201
0.200713 0.351872
0.161187 0.396066
